﻿Index,TeamLevel,TeamNextLevelExp,Gap
0,1,10,10
1,2,20,10
2,3,30,10
3,4,40,50
4,5,90,10
5,6,100,10
6,7,110,10
7,8,120,10
8,9,130,120
9,10,250,10
10,11,260,10
11,12,270,10
12,13,280,10
13,14,290,180
14,15,470,10
15,16,480,10
16,17,490,10
17,18,500,10
18,19,510,240
19,20,750,10
20,21,760,10
21,22,770,10
22,23,780,10
23,24,790,300
24,25,1090,20
25,26,1110,20
26,27,1130,20
27,28,1150,20
28,29,1170,330
29,30,1500,0
